# Created by Octave 4.0.0, Sun Apr 15 15:21:37 2018 IST <vaibhav@vaibhav-Inspiron-7460>
# name: m
# type: matrix
# rows: 10
# columns: 3
 0.665224155527121 0.06258730437739217 0.4014329899910086
 0.1684319557807308 0.001682318622674472 0.3831882751124406
 0.8689593260382109 0.9692076868155298 0.02848872863771017
 0.1733664849763242 0.7018048328866572 0.7354806696830699
 0.2647846472560244 0.5495476364099547 0.6776945980622061
 0.8721058692530247 0.2946183394467298 0.1632366644679442
 0.3826984421462606 0.8919280445544784 0.8983373319669347
 0.9840135999310249 0.9340083998982623 0.3296385287964467
 0.04559247434952733 0.5830835445715467 0.06382850077019457
 0.5839703500717149 0.6978137567037049 0.1697808453951626


# name: n
# type: matrix
# rows: 10
# columns: 4
 0.8385038431075338 0.7402718569461997 0.2107398511229395 0.02134962884366458
 0.1167234575785688 0.360936586533431 0.2477959799726029 0.3400251881155548
 0.2069013416260162 0.9939169377044894 0.01970641260389654 0.6938864426470887
 0.619642293922324 0.8437006215315463 0.08780756823241113 0.4239339428778495
 0.8558865396288154 0.2445542433113091 0.05485254716216685 0.9144610731994989
 0.194726167538831 0.7456989627803401 0.9163237191270539 0.9117945941105258
 0.4447519851305945 0.5462045555007352 0.6019175307785141 0.8423335712497789
 0.9343124330616009 0.9970450065928929 0.840649051001765 0.06447488009322937
 0.9933683716579669 0.494542652616182 0.9376228467693278 0.6321641926574223
 0.6364637964652941 0.6278940750759517 0.5556300686192871 0.06203692009171406


