# Created by Octave 4.0.0, Sun Apr 15 15:25:26 2018 IST <vaibhav@vaibhav-Inspiron-7460>
# name: n
# type: matrix
# rows: 10
# columns: 4
 0.8385038431075338 0.7402718569461997 0.2107398511229395 0.02134962884366458
 0.1167234575785688 0.360936586533431 0.2477959799726029 0.3400251881155548
 0.2069013416260162 0.9939169377044894 0.01970641260389654 0.6938864426470887
 0.619642293922324 0.8437006215315463 0.08780756823241113 0.4239339428778495
 0.8558865396288154 0.2445542433113091 0.05485254716216685 0.9144610731994989
 0.194726167538831 0.7456989627803401 0.9163237191270539 0.9117945941105258
 0.4447519851305945 0.5462045555007352 0.6019175307785141 0.8423335712497789
 0.9343124330616009 0.9970450065928929 0.840649051001765 0.06447488009322937
 0.9933683716579669 0.494542652616182 0.9376228467693278 0.6321641926574223
 0.6364637964652941 0.6278940750759517 0.5556300686192871 0.06203692009171406


