# Created by Octave 4.0.0, Sun Apr 15 15:19:19 2018 IST <vaibhav@vaibhav-Inspiron-7460>
# name: m
# type: matrix
# rows: 10
# columns: 3
 0.9074564008929754 0.1251144989828696 0.7048350053221777
 0.01162230464475571 0.6547685289071454 0.8587342889059437
 0.8793780018588623 0.5440954778885124 0.1533428196840208
 0.5266994008946183 0.8751867706740071 0.007575999337478589
 0.6802788047928455 0.3764513701103074 0.3228538669807643
 0.1654145344494144 0.7298051839625121 0.238109169544281
 0.1080984006250478 0.5835843714981611 0.03749048525198843
 0.6935664679359554 0.03014952985630841 0.06647127869544205
 0.6688414246468111 0.9059747596095465 0.6504273257604158
 0.597921281057455 0.4317520733337438 0.8673858208820652


